   11.602546639170027        7.0000002160668373E-003
   11.579250350616942        1.4000000432133675E-002
   11.540686520329366        2.1000000648200512E-002
   11.487242380843412        2.8000000864267349E-002
   11.419445587186267        3.5000001080334187E-002
   11.337950470975345        4.2000001296401024E-002
   11.243521661470506        4.9000001512467861E-002
   11.137015760659393        5.6000001728534698E-002
   11.019361880773367        6.3000001944601536E-002
   10.891541831210592        7.0000002160668373E-002
   10.754570682649801        7.7000002376735210E-002
   10.609478336883129        8.4000002592802048E-002
   10.457292608005957        9.1000002808868885E-002
   10.299024185847648        9.8000003024935722E-002
   10.135653717620823       0.10500000324100256     
   9.9681211180393596       0.11200000345706940     
   9.7973171085360935       0.11900000367313623     
   9.6240768966832420       0.12600000388920307     
   9.4491758391654734       0.13300000410526991     
   9.2733268851482276       0.14000000432133675     
   9.0971795697685884       0.14700000453740358     
   8.9213203168204096       0.15400000475347042     
   8.7462738122433930       0.16100000496953726     
   8.5725052224172522       0.16800000518560410     
   8.4004230503822015       0.17500000540167093     
   8.2303824462883952       0.18200000561773777     
   8.0626888134012837       0.18900000583380461     
   7.8976015761692944       0.19600000604987144     
   7.7353380009735497       0.20300000626593828     
   7.5760769824038148       0.21000000648200512     
   7.4199627277748075       0.21700000669807196     
   7.2671082898872283       0.22400000691413879     
   7.1175989127366117       0.23100000713020563     
   6.9714951670871468       0.23800000734627247     
   6.8288358627575407       0.24500000756233931     
   6.6896407323566116       0.25200000777840614     
   6.5539128873222809       0.25900000799447298     
   6.4216410517205844       0.26600000821053982     
   6.2928015826033468       0.27300000842660666     
   6.1673602880301708       0.28000000864267349     
   6.0452740553350139       0.28700000885874033     
   5.9264923030356451       0.29400000907480717     
   5.8109582700936109       0.30100000929087400     
   5.6986101561578666       0.30800000950694084     
   5.5893821260690162       0.31500000972300768     
   5.4832051913453359       0.32200000993907452     
   5.3800079806826933       0.32900001015514135     
   5.2797174107293268       0.33600001037120819     
   5.1822592675834134       0.34300001058727503     
   5.0875587086356981       0.35000001080334187     
   4.9955406935644104       0.35700001101940870     
   4.9061303525001723       0.36400001123547554     
   4.8192532986259184       0.37100001145154238     
   4.7348358917681601       0.37800001166760921     
   4.6528054588747789       0.38500001188367605     
   4.5730904766633564       0.39200001209974289     
   4.4956207211622203       0.39900001231580973     
   4.4203273883535843       0.40600001253187656     
   4.3471431896618977       0.41300001274794340     
   4.2760024256086258       0.42000001296401024     
   4.2068410405742638       0.42700001318007708     
   4.1395966612665198       0.43400001339614391     
   4.0742086211872168       0.44100001361221075     
   4.0106179731165348       0.44800001382827759     
   3.9487674913890172       0.45500001404434443     
   3.8886016655182525       0.46200001426041126     
   3.8300666865340460       0.46900001447647810     
   3.7731104272245211       0.47600001469254494     
   3.7176824173238878       0.48300001490861177     
   3.6637338145524208       0.49000001512467861     
   3.6112173722967418       0.49700001534074545     
   3.5600874046139452       0.50400001555681229     
   3.5102997491511183       0.51100001577287912     
   3.4618117284907362       0.51800001598894596     
   3.4145821103613385       0.52500001620501280     
   3.3685710670903326       0.53200001642107964     
   3.3237401346210516       0.53900001663714647     
   3.2800521713682280       0.54600001685321331     
   3.2374713171441152       0.55300001706928015     
   3.1959629523508237       0.56000001728534698     
   3.1554936576025532       0.56700001750141382     
   3.1160311739135369       0.57400001771748066     
   3.0775443635633506       0.58100001793354750     
   3.0400031717302487       0.58800001814961433     
   3.0033785889649951       0.59500001836568117     
   2.9676426145619716       0.60200001858174801     
   2.9327682208707495       0.60900001879781485     
   2.8987293185797034       0.61600001901388168     
   2.8655007229932328       0.62300001922994852     
   2.8330581213156103       0.63000001944601536     
   2.8013780409472435       0.63700001966208220     
   2.7704378187929448       0.64400001987814903     
   2.7402155715766621       0.65100002009421587     
   2.7106901671527375       0.65800002031028271     
   2.6818411968001978       0.66500002052634954     
   2.6536489484835899       0.67200002074241638     
   2.6260943810614701       0.67900002095848322     
   2.5991590994217195       0.68600002117455006     
   2.5728253305213489       0.69300002139061689     
   2.5470759003072807       0.70000002160668373     
   2.5218942114937670       0.70700002182275057     
   2.4972642221714683       0.71400002203881741     
   2.4731704252229125       0.72100002225488424     
   2.4495978285188249       0.72800002247095108     
   2.4265319358698418       0.73500002268701792     
   2.4039587287082376       0.74200002290308475     
   2.3818646484745281       0.74900002311915159     
   2.3602365796841585       0.75600002333521843     
   2.3390618336498976       0.76300002355128527     
   2.3183281328360241       0.77000002376735210     
   2.2980235958209394       0.77700002398341894     
   2.2781367228453973       0.78400002419948578     
   2.2586563819241423       0.79100002441555262     
   2.2395717954993772       0.79800002463161945     
   2.2208725276151116       0.80500002484768629     
   2.2025484715920958       0.81200002506375313     
   2.1845898381837010       0.81900002527981997     
   2.1669871441937478       0.82600002549588680     
   2.1497312015379562       0.83300002571195364     
   2.1328131067313096       0.84000002592802048     
   2.1162242307842911       0.84700002614408731     
   2.0999562094915425       0.85400002636015415     
   2.0840009340971424       0.86100002657622099     
   2.0683505423212756       0.86800002679228783     
   2.0529974097336572       0.87500002700835466     
   2.0379341414596510       0.88200002722442150     
   2.0231535642055669       0.88900002744048834     
   2.0086487185901585       0.89600002765655518     
   1.9944128517698638       0.90300002787262201     
   1.9804394103458391       0.91000002808868885     
   1.9667220335413063       0.91700002830475569     
   1.9532545466382238       0.92400002852082253     
   1.9400309546627210       0.93100002873688936     
   1.9270454363091916       0.93800002895295620     
   1.9142923380933401       0.94500002916902304     
   1.9017661687248995       0.95200002938508987     
   1.8894615936911032       0.95900002960115671     
   1.8773734300423903       0.96600002981722355     
   1.8654966413721583       0.97300003003329039     
   1.8538263329827354       0.98000003024935722     
   1.8423577472300665       0.98700003046542406     
   1.8310862590399304       0.99400003068149090     
   1.8200073715887926        1.0010000308975577     
   1.8091167121427072        1.0080000311136246     
   1.7984100280479476        1.0150000313296914     
   1.7878831828673101        1.0220000315457582     
   1.7775321526563042        1.0290000317618251     
   1.7673530223736649        1.0360000319778919     
   1.7573419824208780        1.0430000321939588     
   1.7474953253056200        1.0500000324100256     
   1.7378094424242296        1.0570000326260924     
   1.7282808209585376        1.0640000328421593     
   1.7189060408825787        1.0710000330582261     
   1.7096817720748825        1.0780000332742929     
   1.7006047715322428        1.0850000334903598     
   1.6916718806810176        1.0920000337064266     
   1.6828800227821832        1.0990000339224935     
   1.6742262004265260        1.1060000341385603     
   1.6657074931165001        1.1130000343546271     
   1.6573210549314239        1.1200000345706940     
   1.6490641122728362        1.1270000347867608     
   1.6409339616869421        1.1340000350028276     
   1.6329279677612325        1.1410000352188945     
   1.6250435610924545        1.1480000354349613     
   1.6172782363232518        1.1550000356510282     
   1.6096295502448768        1.1620000358670950     
   1.6020951199635070        1.1690000360831618     
   1.5946726211277813        1.1760000362992287     
   1.5873597862152775        1.1830000365152955     
   1.5801544028757446        1.1900000367313623     
   1.5730543123289840        1.1970000369474292     
   1.5660574078153693        1.2040000371634960     
   1.5591616330970703        1.2110000373795629     
   1.5523649810081217        1.2180000375956297     
   1.5456654920515565        1.2250000378116965     
   1.5390612530418939        1.2320000380277634     
   1.5325503957913380        1.2390000382438302     
   1.5261310958381105        1.2460000384598970     
   1.5198015712154012        1.2530000386759639     
   1.5135600812594872        1.2600000388920307     
   1.5074049254556179        1.2670000391080976     
   1.5013344423203279        1.2740000393241644     
   1.4953470083188873        1.2810000395402312     
   1.4894410368166535        1.2880000397562981     
   1.4836149770631351        1.2950000399723649     
   1.4778673132076234        1.3020000401884317     
   1.4721965633452987        1.3090000404044986     
   1.4666012785927536        1.3160000406205654     
   1.4610800421919214        1.3230000408366323     
   1.4556314686414420        1.3300000410526991     
   1.4502542028545227        1.3370000412687659     
   1.4449469193424065        1.3440000414848328     
   1.4397083214225788        1.3510000417008996     
   1.4345371404508904        1.3580000419169664     
   1.4294321350768031        1.3650000421330333     
   1.4243920905209930        1.3720000423491001     
   1.4194158178745859        1.3790000425651670     
   1.4145021534193203        1.3860000427812338     
   1.4096499579679707        1.3930000429973006     
   1.4048581162243845        1.4000000432133675     
   1.4001255361625220        1.4070000434294343     
   1.3954511484239069        1.4140000436455011     
   1.3908339057329284        1.4210000438615680     
   1.3862727823294561        1.4280000440776348     
   1.3817667734182599        1.4350000442937016     
   1.3773148946347460        1.4420000445097685     
   1.3729161815265476        1.4490000447258353     
   1.3685696890505354        1.4560000449419022     
   1.3642744910848317        1.4630000451579690     
   1.3600296799554397        1.4700000453740358     
   1.3558343659771257        1.4770000455901027     
   1.3516876770082082        1.4840000458061695     
   1.3475887580189434        1.4910000460222363     
   1.3435367706732113        1.4980000462383032     
   1.3395308929232370        1.5050000464543700     
   1.3355703186171095        1.5120000466704369     
   1.3316542571188810        1.5190000468865037     
   1.3277819329410621        1.5260000471025705     
   1.3239525853893557        1.5330000473186374     
   1.3201654682195008        1.5400000475347042     
   1.3164198493061301        1.5470000477507710     
   1.3127150103235778        1.5540000479668379     
   1.3090502464386089        1.5610000481829047     
   1.3054248660150753        1.5680000483989716     
   1.3018381903305503        1.5750000486150384     
   1.2982895533050220        1.5820000488311052     
   1.2947783012417877        1.5890000490471721     
   1.2913037925807229        1.5960000492632389     
   1.2878653976641594        1.6030000494793057     
   1.2844624985156603        1.6100000496953726     
   1.2810944886320377        1.6170000499114394     
   1.2777607727890237        1.6240000501275063     
   1.2744607668610757        1.6310000503435731     
   1.2711938976558714        1.6380000505596399     
   1.2679596027641278        1.6450000507757068     
   1.2647573304254682        1.6520000509917736     
   1.2615865394111536        1.6590000512078404     
   1.2584466989245979        1.6660000514239073     
   1.2553372885206904        1.6730000516399741     
   1.2522577980450706        1.6800000518560410     
   1.2492077275946205        1.6870000520721078     
   1.2461865875005713        1.6940000522881746     
   1.2431938983357653        1.7010000525042415     
   1.2402291909477503        1.7080000527203083     
   1.2372920065195463        1.7150000529363751     
   1.2343818966600704        1.7220000531524420     
   1.2314984235263740        1.7290000533685088     
   1.2286411599799971        1.7360000535845757     
   1.2258096897799018        1.7430000538006425     
   1.2230036078145916        1.7500000540167093     
   1.2202225203761559        1.7570000542327762     
   1.2174660454790771        1.7640000544488430     
   1.2147338132267225        1.7710000546649098     
   1.2120254662284546        1.7780000548809767     
   1.2093406600702774        1.7850000550970435     
   1.2066790638418028        1.7920000553131104     
   1.2040403607221191        1.7990000555291772     
   1.2014242486267956        1.8060000557452440     
   1.1988304409177499        1.8130000559613109     
   1.1962586671770203        1.8200000561773777     
   1.1937086740445513        1.8270000563934445     
   1.1911802261189064        1.8340000566095114     
   1.1886731069183032        1.8410000568255782     
   1.1861871198974896        1.8480000570416451     
   1.1837220895136826        1.8550000572577119     
   1.1812778623320699        1.8620000574737787     
   1.1788543081581615        1.8690000576898456     
   1.1764513211805903        1.8760000579059124     
   1.1740688211038139        1.8830000581219792     
   1.1717067542455959        1.8900000583380461     
   1.1693650945692595        1.8970000585541129     
   1.1670438446156666        1.9040000587701797     
   1.1647430362948783        1.9110000589862466     
   1.1624627314928271        1.9180000592023134     
   1.1602030224444264        1.9250000594183803     
   1.1579640318218121        1.9320000596344471     
   1.1557459124853589        1.9390000598505139     
   1.1535488468462598        1.9460000600665808     
   1.1513730457933091        1.9530000602826476     
   1.1492187471435176        1.9600000604987144     
   1.1470862135866118        1.9670000607147813     
   1.1449757301073529        1.9740000609308481     
   1.1428876008867672        1.9810000611469150     
   1.1408221457032135        1.9880000613629818     
   1.1387796958757916        1.9950000615790486     
   1.1367605898146960        2.0020000617951155     
   1.1347651682641811        2.0090000620111823     
   1.1327937693422570        2.0160000622272491     
   1.1308467234954622        2.0230000624433160     
   1.1289243484957459        2.0300000626593828     
   1.1270269446087102        2.0370000628754497     
   1.1251547900578291        2.0440000630915165     
   1.1233081368979951        2.0510000633075833     
   1.1214872073946931        2.0580000635236502     
   1.1196921909835509        2.0650000637397170     
   1.1179232418606446        2.0720000639557838     
   1.1161804772285306        2.0790000641718507     
   1.1144639761982702        2.0860000643879175     
   1.1127737793252335        2.0930000646039844     
   1.1111098887373427        2.1000000648200512     
   1.1094722687994139        2.1070000650361180     
   1.1078608472466627        2.1140000652521849     
   1.1062755167142195        2.1210000654682517     
   1.1047161365872635        2.1280000656843185     
   1.1031825350975673        2.1350000659003854     
   1.1016745115961610        2.1420000661164522     
   1.1001918389377350        2.1490000663325191     
   1.0987342659196120        2.1560000665485859     
   1.0973015197260518        2.1630000667646527     
   1.0958933083367204        2.1700000669807196     
   1.0945093228660490        2.1770000671967864     
   1.0931492398075662        2.1840000674128532     
   1.0918127231639578        2.1910000676289201     
   1.0904994264494807        2.1980000678449869     
   1.0892089945563843        2.2050000680610538     
   1.0879410654811987        2.2120000682771206     
   1.0866952719101710        2.2190000684931874     
   1.0854712426658439        2.2260000687092543     
   1.0842686040188558        2.2330000689253211     
   1.0830869808705788        2.2400000691413879     
   1.0819259978132929        2.2470000693574548     
   1.0807852800752964        2.2540000695735216     
   1.0796644543587384        2.2610000697895885     
   1.0785631495781136        2.2680000700056553     
   1.0774809975073119        2.2750000702217221     
   1.0764176333429285        2.2820000704377890     
   1.0753726961912586        2.2890000706538558     
   1.0743458294860284        2.2960000708699226     
   1.0733366813435139        2.3030000710859895     
   1.0723449048612590        2.3100000713020563     
   1.0713701583661610        2.3170000715181231     
   1.0704121056172424        2.3240000717341900     
   1.0694704159680006        2.3310000719502568     
   1.0685447644927972        2.3380000721663237     
   1.0676348320813596        2.3450000723823905     
   1.0667403055050846        2.3520000725984573     
   1.0658608774584903        2.3590000728145242     
   1.0649962465788261        2.3660000730305910     
   1.0641461174465638        2.3730000732466578     
   1.0633102005692028        2.3800000734627247     
   1.0624882123505823        2.3870000736787915     
   1.0616798750476544        2.3940000738948584     
   1.0608849167164660        2.4010000741109252     
   1.0601030711489132        2.4080000743269920     
   1.0593340778016509        2.4150000745430589     
   1.0585776817183925        2.4220000747591257     
   1.0578336334466985        2.4290000749751925     
   1.0571016889502176        2.4360000751912594     
   1.0563816095172434        2.4430000754073262     
   1.0556731616663393        2.4500000756233931     
   1.0549761170497041        2.4570000758394599     
   1.0542902523548596        2.4640000760555267     
   1.0536153492051814        2.4710000762715936     
   1.0529511940597163        2.4780000764876604     
   1.0522975781126886        2.4850000767037272     
   1.0516542971930307        2.4920000769197941     
   1.0510211516642396        2.4990000771358609     
   1.0503979463248161        2.5060000773519278     
   1.0497844903095062        2.5130000775679946     
   1.0491805969915373        2.5200000777840614     
   1.0485860838860066        2.5270000780001283     
   1.0480007725545628        2.5340000782161951     
   1.0474244885114912        2.5410000784322619     
   1.0468570611312991        2.5480000786483288     
   1.0462983235578804        2.5550000788643956     
   1.0457481126153176        2.5620000790804625     
   1.0452062687203745        2.5690000792965293     
   1.0446726357967133        2.5760000795125961     
   1.0441470611908663        2.5830000797286630     
   1.0436293955899767        2.5900000799447298     
   1.0431194929413208        2.5970000801607966     
   1.0426172103736124        2.6040000803768635     
   1.0421224081200895        2.6110000805929303     
   1.0416349494433716        2.6180000808089972     
   1.0411547005620778        2.6250000810250640     
   1.0406815305791881        2.6320000812411308     
   1.0402153114121271        2.6390000814571977     
   1.0397559177245503        2.6460000816732645     
   1.0393032268598061        2.6530000818893313     
   1.0388571187760465        2.6600000821053982     
   1.0384174759829590        2.6670000823214650     
   1.0379841834800922        2.6740000825375319     
   1.0375571286967382        2.6810000827535987     
   1.0371362014333476        2.6880000829696655     
   1.0367212938044397        2.6950000831857324     
   1.0363123001829790        2.7020000834017992     
   1.0359091171461812        2.7090000836178660     
   1.0355116434227216        2.7160000838339329     
   1.0351197798413063        2.7230000840499997     
   1.0347334292805805        2.7300000842660666     
   1.0343524966203346        2.7370000844821334     
   1.0339768886939811        2.7440000846982002     
   1.0336065142422688        2.7510000849142671     
   1.0332412838682010        2.7580000851303339     
   1.0328811099931294        2.7650000853464007     
   1.0325259068139916        2.7720000855624676     
   1.0321755902616625        2.7790000857785344     
   1.0318300779603908        2.7860000859946012     
   1.0314892891882916        2.7930000862106681     
   1.0311531448388640        2.8000000864267349     
   1.0308215673835126        2.8070000866428018     
   1.0304944808350376        2.8140000868588686     
   1.0301718107120750        2.8210000870749354     
   1.0298534840044540        2.8280000872910023     
   1.0295394291394522        2.8350000875070691     
   1.0292295759489207        2.8420000877231359     
   1.0289238556372566        2.8490000879392028     
   1.0286222007501971        2.8560000881552696     
   1.0283245451444174        2.8630000883713365     
   1.0280308239579052        2.8700000885874033     
   1.0277409735810936        2.8770000888034701     
   1.0274549316287285        2.8840000890195370     
   1.0271726369124539        2.8910000892356038     
   1.0268940294140922        2.8980000894516706     
   1.0266190502596013        2.9050000896677375     
   1.0263476416936894        2.9120000898838043     
   1.0260797470550707        2.9190000900998712     
   1.0258153107523420        2.9260000903159380     
   1.0255542782404650        2.9330000905320048     
   1.0252965959978368        2.9400000907480717     
   1.0250422115039317        2.9470000909641385     
   1.0247910732175003        2.9540000911802053     
   1.0245431305553088        2.9610000913962722     
   1.0242983338714047        2.9680000916123390     
   1.0240566344368944        2.9750000918284059     
   1.0238179844202175        2.9820000920444727     
   1.0235823368679065        2.9890000922605395     
   1.0233496456858167        2.9960000924766064     
   1.0231198656208131        3.0030000926926732     
   1.0228929522429053        3.0100000929087400     
   1.0226688619278137        3.0170000931248069     
   1.0224475518399578        3.0240000933408737     
   1.0222289799158559        3.0310000935569406     
   1.0220131048479237        3.0380000937730074     
   1.0217998860686603        3.0450000939890742     
   1.0215892837352136        3.0520000942051411     
   1.0213812587143141        3.0590000944212079     
   1.0211757725675645        3.0660000946372747     
   1.0209727875370811        3.0730000948533416     
   1.0207722665314725        3.0800000950694084     
   1.0205741731121487        3.0870000952854753     
   1.0203784714799531        3.0940000955015421     
   1.0201851264621060        3.1010000957176089     
   1.0199941034994551        3.1080000959336758     
   1.0198053686340203        3.1150000961497426     
   1.0196188884968300        3.1220000963658094     
   1.0194346302960382        3.1290000965818763     
   1.0192525618053148        3.1360000967979431     
   1.0190726513525048        3.1430000970140100     
   1.0188948678085463        3.1500000972300768     
   1.0187191805766433        3.1570000974461436     
   1.0185455595816839        3.1640000976622105     
   1.0183739752599008        3.1710000978782773     
   1.0182043985487648        3.1780000980943441     
   1.0180368008771083        3.1850000983104110     
   1.0178711541554697        3.1920000985264778     
   1.0177074307666567        3.1990000987425447     
   1.0175456035565196        3.2060000989586115     
   1.0173856458249311        3.2130000991746783     
   1.0172275313169683        3.2200000993907452     
   1.0170712342142887        3.2270000996068120     
   1.0169167291266985        3.2340000998228788     
   1.0167639910839072        3.2410001000389457     
   1.0166129955274628        3.2480001002550125     
   1.0164637183028653        3.2550001004710793     
   1.0163161356518524        3.2620001006871462     
   1.0161702242048531        3.2690001009032130     
   1.0160259609736069        3.2760001011192799     
   1.0158833233439413        3.2830001013353467     
   1.0157422890687084        3.2900001015514135     
   1.0156028362608716        3.2970001017674804     
   1.0154649433867420        3.3040001019835472     
   1.0153285892593602        3.3110001021996140     
   1.0151937530320194        3.3180001024156809     
   1.0150604141919273        3.3250001026317477     
   1.0149285525540019        3.3320001028478146     
   1.0147981482548010        3.3390001030638814     
   1.0146691817465769        3.3460001032799482     
   1.0145416337914606        3.3530001034960151     
   1.0144154854557650        3.3600001037120819     
   1.0142907181044101        3.3670001039281487     
   1.0141673133954634        3.3740001041442156     
   1.0140452532747950        3.3810001043602824     
   1.0139245199708444        3.3880001045763493     
   1.0138050959894940        3.3950001047924161     
   1.0136869641090522        3.4020001050084829     
   1.0135701073753369        3.4090001052245498     
   1.0134545090968610        3.4160001054406166     
   1.0133401528401189        3.4230001056566834     
   1.0132270224249669        3.4300001058727503     
   1.0131151019200992        3.4370001060888171     
   1.0130043756386164        3.4440001063048840     
   1.0128948281336829        3.4510001065209508     
   1.0127864441942740        3.4580001067370176     
   1.0126792088410075        3.4650001069530845     
   1.0125731073220601        3.4720001071691513     
   1.0124681251091656        3.4790001073852181     
   1.0123642478936936        3.4860001076012850     
   1.0122614615828072        3.4930001078173518     
   1.0121597522956955        3.5000001080334187     
   1.0120591063598836        3.5070001082494855     
   1.0119595103076138        3.5140001084655523     
   1.0118609508722995        3.5210001086816192     
   1.0117634149850496        3.5280001088976860     
   1.0116668897712593        3.5350001091137528     
   1.0115713625472704        3.5420001093298197     
   1.0114768208170957        3.5490001095458865     
   1.0113832522692072        3.5560001097619534     
   1.0112906447733883        3.5630001099780202     
   1.0111989863776449        3.5700001101940870     
   1.0111082653051799        3.5770001104101539     
   1.0110184699514226        3.5840001106262207     
   1.0109295888811174        3.5910001108422875     
   1.0108416108254690        3.5980001110583544     
   1.0107545246793408        3.6050001112744212     
   1.0106683194985089        3.6120001114904881     
   1.0105829844969665        3.6190001117065549     
   1.0104985090442813        3.6260001119226217     
   1.0104148826630033        3.6330001121386886     
   1.0103320950261201        3.6400001123547554     
   1.0102501359545621        3.6470001125708222     
   1.0101689954147541        3.6540001127868891     
   1.0100886635162127        3.6610001130029559     
   1.0100091305091903        3.6680001132190228     
   1.0099303867823604        3.6750001134350896     
   1.0098524228605497        3.6820001136511564     
   1.0097752294025106        3.6890001138672233     
   1.0096987971987343        3.6960001140832901     
   1.0096231171693066        3.7030001142993569     
   1.0095481803618027        3.7100001145154238     
   1.0094739779492197        3.7170001147314906     
   1.0094005012279483        3.7240001149475574     
   1.0093277416157829        3.7310001151636243     
   1.0092556906499657        3.7380001153796911     
   1.0091843399852682        3.7450001155957580     
   1.0091136813921084        3.7520001158118248     
   1.0090437067547005        3.7590001160278916     
   1.0089744080692389        3.7660001162439585     
   1.0089057774421164        3.7730001164600253     
   1.0088378070881732        3.7800001166760921     
   1.0087704893289775        3.7870001168921590     
   1.0087038165911386        3.7940001171082258     
   1.0086377814046483        3.8010001173242927     
   1.0085723764012537        3.8080001175403595     
   1.0085075943128581        3.8150001177564263     
   1.0084434279699512        3.8220001179724932     
   1.0083798703000666        3.8290001181885600     
   1.0083169143262669        3.8360001184046268     
   1.0082545531656559        3.8430001186206937     
   1.0081927800279173        3.8500001188367605     
   1.0081315882138790        3.8570001190528274     
   1.0080709711141018        3.8640001192688942     
   1.0080109222074942        3.8710001194849610     
   1.0079514350599519        3.8780001197010279     
   1.0078925033230182        3.8850001199170947     
   1.0078341207325721        3.8920001201331615     
   1.0077762811075355        3.8990001203492284     
   1.0077189783486049        3.9060001205652952     
   1.0076622064370044        3.9130001207813621     
   1.0076059594332609        3.9200001209974289     
   1.0075502314759994        3.9270001212134957     
   1.0074950167807601        3.9340001214295626     
   1.0074403096388358        3.9410001216456294     
   1.0073861044161279        3.9480001218616962     
   1.0073323955520237        3.9550001220777631     
   1.0072791775582925        3.9620001222938299     
   1.0072264450179995        3.9690001225098968     
   1.0071741925844391        3.9760001227259636     
   1.0071224149800866        3.9830001229420304     
   1.0070711069955662        3.9900001231580973     
   1.0070202634886389        3.9970001233741641     
   1.0069698793832047        4.0040001235902309     
   1.0069199496683234        4.0110001238062978     
   1.0068704693972514        4.0180001240223646     
   1.0068214336864947        4.0250001242384315     
   1.0067728377148777        4.0320001244544983     
   1.0067246767226272        4.0390001246705651     
   1.0066769460104728        4.0460001248866320     
   1.0066296409387603        4.0530001251026988     
   1.0065827569265822        4.0600001253187656     
   1.0065362894509204        4.0670001255348325     
   1.0064902340458051        4.0740001257508993     
   1.0064445863014850        4.0810001259669662     
   1.0063993418636146        4.0880001261830330     
   1.0063544964324513        4.0950001263990998     
   1.0063100457620686        4.1020001266151667     
   1.0062659856595801        4.1090001268312335     
   1.0062223119843772        4.1160001270473003     
   1.0061790206473789        4.1230001272633672     
   1.0061361076102942        4.1300001274794340     
   1.0060935688848958        4.1370001276955009     
   1.0060514005323062        4.1440001279115677     
   1.0060095986622957        4.1510001281276345     
   1.0059681594325893        4.1580001283437014     
   1.0059270790481885        4.1650001285597682     
   1.0058863537607010        4.1720001287758350     
   1.0058459798676829        4.1790001289919019     
   1.0058059537119899        4.1860001292079687     
   1.0057662716811406        4.1930001294240355     
   1.0057269302066889        4.2000001296401024     
   1.0056879257636062        4.2070001298561692     
   1.0056492548696738        4.2140001300722361     
   1.0056109140848857        4.2210001302883029     
   1.0055729000108591        4.2280001305043697     
   1.0055352092902561        4.2350001307204366     
   1.0054978386062123        4.2420001309365034     
   1.0054607846817778        4.2490001311525702     
   1.0054240442793623        4.2560001313686371     
   1.0053876142001938        4.2630001315847039     
   1.0053514912837822        4.2700001318007708     
   1.0053156724073922        4.2770001320168376     
   1.0052801544855261        4.2840001322329044     
   1.0052449344694121        4.2910001324489713     
   1.0052100093465022        4.2980001326650381     
   1.0051753761399771        4.3050001328811049     
   1.0051410319082597        4.3120001330971718     
   1.0051069737445348        4.3190001333132386     
   1.0050731987762773        4.3260001335293055     
   1.0050397041647872        4.3330001337453723     
   1.0050064871047308        4.3400001339614391     
   1.0049735448236923        4.3470001341775060     
   1.0049408745817268        4.3540001343935728     
   1.0049084736709255        4.3610001346096396     
   1.0048763394149847        4.3680001348257065     
   1.0048444691687808        4.3750001350417733     
   1.0048128603179545        4.3820001352578402     
   1.0047815102784980        4.3890001354739070     
   1.0047504164963514        4.3960001356899738     
   1.0047195764470032        4.4030001359060407     
   1.0046889876350971        4.4100001361221075     
   1.0046586475940464        4.4170001363381743     
   1.0046285538856516        4.4240001365542412     
   1.0045987040997255        4.4310001367703080     
   1.0045690958537234        4.4380001369863749     
   1.0045397267923797        4.4450001372024417     
   1.0045105945873474        4.4520001374185085     
   1.0044816969368455        4.4590001376345754     
   1.0044530315653117        4.4660001378506422     
   1.0044245962230580        4.4730001380667090     
   1.0043963886859331        4.4800001382827759     
   1.0043684067549894        4.4870001384988427     
   1.0043406482561557        4.4940001387149096     
   1.0043131110399128        4.5010001389309764     
   1.0042857929809759        4.5080001391470432     
   1.0042586919779799        4.5150001393631101     
   1.0042318059531716        4.5220001395791769     
   1.0042051328521033        4.5290001397952437     
   1.0041786706433340        4.5360001400113106     
   1.0041524173181327        4.5430001402273774     
   1.0041263708901869        4.5500001404434443     
   1.0041005293953156        4.5570001406595111     
   1.0040748908911863        4.5640001408755779     
   1.0040494534570352        4.5710001410916448     
   1.0040242151933927        4.5780001413077116     
   1.0039991742218122        4.5850001415237784     
   1.0039743286846030        4.5920001417398453     
   1.0039496767445666        4.5990001419559121     
   1.0039252165847381        4.6060001421719790     
   1.0039009464081290        4.6130001423880458     
   1.0038768644374765        4.6200001426041126     
   1.0038529689149935        4.6270001428201795     
   1.0038292581021246        4.6340001430362463     
   1.0038057302793042        4.6410001432523131     
   1.0037823837457180        4.6480001434683800     
   1.0037592168190694        4.6550001436844468     
   1.0037362278353468        4.6620001439005136     
   1.0037134151485958        4.6690001441165805     
   1.0036907771306949        4.6760001443326473     
   1.0036683121711327        4.6830001445487142     
   1.0036460186767906        4.6900001447647810     
   1.0036238950717260        4.6970001449808478     
   1.0036019397969600        4.7040001451969147     
   1.0035801513102682        4.7110001454129815     
   1.0035585280859742        4.7180001456290483     
   1.0035370686147451        4.7250001458451152     
   1.0035157714033907        4.7320001460611820     
   1.0034946349746661        4.7390001462772489     
   1.0034736578670755        4.7460001464933157     
   1.0034528386346802        4.7530001467093825     
   1.0034321758469074        4.7600001469254494     
   1.0034116680883642        4.7670001471415162     
   1.0033913139586519        4.7740001473575830     
   1.0033711120721842        4.7810001475736499     
   1.0033510610580070        4.7880001477897167     
   1.0033311595596210        4.7950001480057836     
   1.0033114062348079        4.8020001482218504     
   1.0032917997554560        4.8090001484379172     
   1.0032723388073921        4.8160001486539841     
   1.0032530220902125        4.8230001488700509     
   1.0032338483171177        4.8300001490861177     
   1.0032148162147490        4.8370001493021846     
   1.0031959245230277        4.8440001495182514     
   1.0031771719949960        4.8510001497343183     
   1.0031585573966604        4.8580001499503851     
   1.0031400795068368        4.8650001501664519     
   1.0031217371169987        4.8720001503825188     
   1.0031035290311257        4.8790001505985856     
   1.0030854540655552        4.8860001508146524     
   1.0030675110488372        4.8930001510307193     
   1.0030496988215878        4.9000001512467861     
   1.0030320162363482        4.9070001514628530     
   1.0030144621574433        4.9140001516789198     
   1.0029970354608428        4.9210001518949866     
   1.0029797350340248        4.9280001521110535     
   1.0029625597758400        4.9350001523271203     
   1.0029455085963792        4.9420001525431871     
   1.0029285804168404        4.9490001527592540     
   1.0029117741694002        4.9560001529753208     
   1.0028950887970856        4.9630001531913877     
   1.0028785232536461        4.9700001534074545     
   1.0028620765034313        4.9770001536235213     
   1.0028457475212653        4.9840001538395882     
   1.0028295352923271        4.9910001540556550     
   1.0028134388120298        4.9980001542717218     
   1.0027974570859017        5.0050001544877887     
   1.0027815891294711        5.0120001547038555     
   1.0027658339681496        5.0190001549199224     
   1.0027501906371183        5.0260001551359892     
   1.0027346581812169        5.0330001553520560     
   1.0027192356548311        5.0400001555681229     
   1.0027039221217844        5.0470001557841897     
   1.0026887166552296        5.0540001560002565     
   1.0026736183375420        5.0610001562163234     
   1.0026586262602148        5.0680001564323902     
   1.0026437395237546        5.0750001566484571     
   1.0026289572375795        5.0820001568645239     
   1.0026142785199170        5.0890001570805907     
   1.0025997024977051        5.0960001572966576     
   1.0025852283064927        5.1030001575127244     
   1.0025708550903432        5.1100001577287912     
   1.0025565820017370        5.1170001579448581     
   1.0025424082014784        5.1240001581609249     
   1.0025283328586001        5.1310001583769917     
   1.0025143551502720        5.1380001585930586     
   1.0025004742617092        5.1450001588091254     
   1.0024866893860818        5.1520001590251923     
   1.0024729997244264        5.1590001592412591     
   1.0024594044855573        5.1660001594573259     
   1.0024459028859809        5.1730001596733928     
   1.0024324941498086        5.1800001598894596     
   1.0024191775086733        5.1870001601055264     
   1.0024059522016453        5.1940001603215933     
   1.0023928174751500        5.2010001605376601     
   1.0023797725828856        5.2080001607537270     
   1.0023668167857445        5.2150001609697938     
   1.0023539493517315        5.2220001611858606     
   1.0023411695558870        5.2290001614019275     
   1.0023284766802090        5.2360001616179943     
   1.0023158700135764        5.2430001618340611     
   1.0023033488516733        5.2500001620501280     
   1.0022909124969155        5.2570001622661948     
   1.0022785602583746        5.2640001624822617     
   1.0022662914517075        5.2710001626983285     
   1.0022541053990828        5.2780001629143953     
   1.0022420014291109        5.2850001631304622     
   1.0022299788767730        5.2920001633465290     
   1.0022180370833524        5.2990001635625958     
   1.0022061753963660        5.3060001637786627     
   1.0021943931694959        5.3130001639947295     
   1.0021826897625239        5.3200001642107964     
   1.0021710645412645        5.3270001644268632     
   1.0021595168775006        5.3340001646429300     
   1.0021480461489183        5.3410001648589969     
   1.0021366517390435        5.3480001650750637     
   1.0021253330371802        5.3550001652911305     
   1.0021140894383469        5.3620001655071974     
   1.0021029203432157        5.3690001657232642     
   1.0020918251580528        5.3760001659393311     
   1.0020808032946575        5.3830001661553979     
   1.0020698541703037        5.3900001663714647     
   1.0020589772076809        5.3970001665875316     
   1.0020481718348373        5.4040001668035984     
   1.0020374374851226        5.4110001670196652     
   1.0020267735971315        5.4180001672357321     
   1.0020161796146478        5.4250001674517989     
   1.0020056549865901        5.4320001676678658     
   1.0019951991669571        5.4390001678839326     
   1.0019848116147743        5.4460001680999994     
   1.0019744917940399        5.4530001683160663     
   1.0019642391736738        5.4600001685321331     
   1.0019540532274653        5.4670001687481999     
   1.0019439334340219        5.4740001689642668     
   1.0019338792767181        5.4810001691803336     
   1.0019238902436469        5.4880001693964005     
   1.0019139658275691        5.4950001696124673     
   1.0019041055258655        5.5020001698285341     
   1.0018943088404877        5.5090001700446010     
   1.0018845752779115        5.5160001702606678     
   1.0018749043490891        5.5230001704767346     
   1.0018652955694034        5.5300001706928015     
   1.0018557484586204        5.5370001709088683     
   1.0018462625408457        5.5440001711249352     
   1.0018368373444786        5.5510001713410020     
   1.0018274724021676        5.5580001715570688     
   1.0018181672507667        5.5650001717731357     
   1.0018089214312926        5.5720001719892025     
   1.0017997344888809        5.5790001722052693     
   1.0017906059727444        5.5860001724213362     
   1.0017815354361312        5.5930001726374030     
   1.0017725224362830        5.6000001728534698     
   1.0017635665343945        5.6070001730695367     
   1.0017546672955728        5.6140001732856035     
   1.0017458242887973        5.6210001735016704     
   1.0017370370868810        5.6280001737177372     
   1.0017283052664303        5.6350001739338040     
   1.0017196284078071        5.6420001741498709     
   1.0017110060950909        5.6490001743659377     
   1.0017024379160400        5.6560001745820045     
   1.0016939234620557        5.6630001747980714     
   1.0016854623281439        5.6700001750141382     
   1.0016770541128801        5.6770001752302051     
   1.0016686984183722        5.6840001754462719     
   1.0016603948502258        5.6910001756623387     
   1.0016521430175083        5.6980001758784056     
   1.0016439425327144        5.7050001760944724     
   1.0016357930117319        5.7120001763105392     
   1.0016276940738067        5.7190001765266061     
   1.0016196453415112        5.7260001767426729     
   1.0016116464407085        5.7330001769587398     
   1.0016036970005213        5.7400001771748066     
   1.0015957966532991        5.7470001773908734     
   1.0015879450345850        5.7540001776069403     
   1.0015801417830859        5.7610001778230071     
   1.0015723865406385        5.7680001780390739     
   1.0015646789521806        5.7750001782551408     
   1.0015570186657192        5.7820001784712076     
   1.0015494053323000        5.7890001786872745     
   1.0015418386059778        5.7960001789033413     
   1.0015343181437868        5.8030001791194081     
   1.0015268436057105        5.8100001793354750     
   1.0015194146546542        5.8170001795515418     
   1.0015120309564141        5.8240001797676086     
   1.0015046921796507        5.8310001799836755     
   1.0014973979958599        5.8380001801997423     
   1.0014901480793457        5.8450001804158092     
   1.0014829421071918        5.8520001806318760     
   1.0014757797592355        5.8590001808479428     
   1.0014686607180399        5.8660001810640097     
   1.0014615846688681        5.8730001812800765     
   1.0014545512996564        5.8800001814961433     
   1.0014475603009885        5.8870001817122102     
   1.0014406113660694        5.8940001819282770     
   1.0014337041907011        5.9010001821443439     
   1.0014268384732561        5.9080001823604107     
   1.0014200139146527        5.9150001825764775     
   1.0014132302183316        5.9220001827925444     
   1.0014064870902302        5.9290001830086112     
   1.0013997842387588        5.9360001832246780     
   1.0013931213747778        5.9430001834407449     
   1.0013864982115728        5.9500001836568117     
   1.0013799144648317        5.9570001838728786     
   1.0013733698526224        5.9640001840889454     
   1.0013668640953690        5.9710001843050122     
   1.0013603969158298        5.9780001845210791     
   1.0013539680390748        5.9850001847371459     
   1.0013475771924636        5.9920001849532127     
   1.0013412241056239        5.9990001851692796     
   1.0013349085104295        6.0060001853853464     
   1.0013286301409787        6.0130001856014132     
   1.0013223887335745        6.0200001858174801     
   1.0013161840267015        6.0270001860335469     
   1.0013100157610078        6.0340001862496138     
   1.0013038836792820        6.0410001864656806     
   1.0012977875264348        6.0480001866817474     
   1.0012917270494783        6.0550001868978143     
   1.0012857019975057        6.0620001871138811     
   1.0012797121216725        6.0690001873299479     
   1.0012737571751771        6.0760001875460148     
   1.0012678369132406        6.0830001877620816     
   1.0012619510930894        6.0900001879781485     
   1.0012560994739341        6.0970001881942153     
   1.0012502818169540        6.1040001884102821     
   1.0012444978852757        6.1110001886263490     
   1.0012387474439568        6.1180001888424158     
   1.0012330302599675        6.1250001890584826     
   1.0012273461021719        6.1320001892745495     
   1.0012216947413115        6.1390001894906163     
   1.0012160759499875        6.1460001897066832     
   1.0012104895026430        6.1530001899227500     
   1.0012049351755463        6.1600001901388168     
   1.0011994127467740        6.1670001903548837     
   1.0011939219961943        6.1740001905709505     
   1.0011884627054501        6.1810001907870173     
   1.0011830346579436        6.1880001910030842     
   1.0011776376388180        6.1950001912191510     
   1.0011722714349445        6.2020001914352179     
   1.0011669358349031        6.2090001916512847     
   1.0011616306289701        6.2160001918673515     
   1.0011563556090999        6.2230001920834184     
   1.0011511105689110        6.2300001922994852     
   1.0011458953036705        6.2370001925155520     
   1.0011407096102791        6.2440001927316189     
   1.0011355532872557        6.2510001929476857     
   1.0011304261347236        6.2580001931637526     
   1.0011253279543950        6.2650001933798194     
   1.0011202585495564        6.2720001935958862     
   1.0011152177250555        6.2790001938119531     
   1.0011102052872856        6.2860001940280199     
   1.0011052210441727        6.2930001942440867     
   1.0011002648051608        6.3000001944601536     
   1.0010953363811987        6.3070001946762204     
   1.0010904355847265        6.3140001948922873     
   1.0010855622296611        6.3210001951083541     
   1.0010807161313842        6.3280001953244209     
   1.0010758971067284        6.3350001955404878     
   1.0010711049739645        6.3420001957565546     
   1.0010663395527877        6.3490001959726214     
   1.0010616006643065        6.3560001961886883     
   1.0010568881310282        6.3630001964047551     
   1.0010522017768475        6.3700001966208220     
   1.0010475414270337        6.3770001968368888     
   1.0010429069082185        6.3840001970529556     
   1.0010382980483841        6.3910001972690225     
   1.0010337146768506        6.3980001974850893     
   1.0010291566242644        6.4050001977011561     
   1.0010246237225864        6.4120001979172230     
   1.0010201158050807        6.4190001981332898     
   1.0010156327063020        6.4260001983493567     
   1.0010111742620855        6.4330001985654235     
   1.0010067403095344        6.4400001987814903     
   1.0010023306870093        6.4470001989975572     
   1.0009979452341171        6.4540001992136240     
   1.0009935837916997        6.4610001994296908     
   1.0009892462018231        6.4680001996457577     
   1.0009849323077675        6.4750001998618245     
   1.0009806419540153        6.4820002000778913     
   1.0009763749862413        6.4890002002939582     
   1.0009721312513020        6.4960002005100250     
   1.0009679105972258        6.5030002007260919     
   1.0009637128732018        6.5100002009421587     
   1.0009595379295706        6.5170002011582255     
   1.0009553856178133        6.5240002013742924     
   1.0009512557905422        6.5310002015903592     
   1.0009471483014911        6.5380002018064260     
   1.0009430630055050        6.5450002020224929     
   1.0009389997585303        6.5520002022385597     
   1.0009349584176062        6.5590002024546266     
   1.0009309388408543        6.5660002026706934     
   1.0009269408874695        6.5730002028867602     
   1.0009229644177107        6.5800002031028271     
   1.0009190092928917        6.5870002033188939     
   1.0009150753753722        6.5940002035349607     
   1.0009111625285483        6.6010002037510276     
   1.0009072706168440        6.6080002039670944     
   1.0009033995057024        6.6150002041831613     
   1.0008995490615764        6.6220002043992281     
   1.0008957191519205        6.6290002046152949     
   1.0008919096451823        6.6360002048313618     
   1.0008881204107933        6.6430002050474286     
   1.0008843513191614        6.6500002052634954     
   1.0008806022416621        6.6570002054795623     
   1.0008768730506299        6.6640002056956291     
   1.0008731636193504        6.6710002059116960     
   1.0008694738220527        6.6780002061277628     
   1.0008658035339006        6.6850002063438296     
   1.0008621526309849        6.6920002065598965     
   1.0008585209903158        6.6990002067759633     
   1.0008549084898144        6.7060002069920301     
   1.0008513150083060        6.7130002072080970     
   1.0008477404255118        6.7200002074241638     
   1.0008441846220411        6.7270002076402307     
   1.0008406474793841        6.7340002078562975     
   1.0008371288799047        6.7410002080723643     
   1.0008336287068331        6.7480002082884312     
   1.0008301468442578        6.7550002085044980     
   1.0008266831771191        6.7620002087205648     
   1.0008232375912018        6.7690002089366317     
   1.0008198099731278        6.7760002091526985     
   1.0008164002103497        6.7830002093687654     
   1.0008130081911428        6.7900002095848322     
   1.0008096338045995        6.7970002098008990     
   1.0008062769406214        6.8040002100169659     
   1.0008029374899134        6.8110002102330327     
   1.0007996153439762        6.8180002104490995     
   1.0007963103950999        6.8250002106651664     
   1.0007930225363582        6.8320002108812332     
   1.0007897516616002        6.8390002110973001     
   1.0007864976654464        6.8460002113133669     
   1.0007832604432794        6.8530002115294337     
   1.0007800398912403        6.8600002117455006     
   1.0007768359062204        6.8670002119615674     
   1.0007736483858565        6.8740002121776342     
   1.0007704772285231        6.8810002123937011     
   1.0007673223333280        6.8880002126097679     
   1.0007641836001053        6.8950002128258348     
   1.0007610609294098        6.9020002130419016     
   1.0007579542225100        6.9090002132579684     
   1.0007548633813843        6.9160002134740353     
   1.0007517883087134        6.9230002136901021     
   1.0007487289078749        6.9300002139061689     
   1.0007456850829382        6.9370002141222358     
   1.0007426567386584        6.9440002143383026     
   1.0007396437804705        6.9510002145543694     
   1.0007366461144844        6.9580002147704363     
   1.0007336636474786        6.9650002149865031     
   1.0007306962868958        6.9720002152025700     
   1.0007277439408366        6.9790002154186368     
   1.0007248065180547        6.9860002156347036     
   1.0007218839279508        6.9930002158507705     
   1.0007189760805684        7.0000002160668373     
